0.000357157 -0.0035971 0.001213 -0.000210331 0.000524119 -0.0795957 -0.00341188 -0.0613932 0.552724 -0.237356 -0.00247149 0.627694 0.00151635 -0.039045 0.00038503 0.10522 -0.002505 -0.569601 -0.00177538 -0.00495463 -0.00207148 -0.00101686 -0.127756 -0.0169847 -0.00106197 -0.172126 0.0814759 -0.0265769 -0.0019992 -0.00726432 
-0.00373277 -0.00273824 -0.00349754 -0.0660207 0.00682633 -0.0140366 -0.00209253 0.566222 0.00627251 -0.132921 0.00729274 -0.0579647 0.0383774 -0.366658 -0.00408837 0.0494081 -0.209873 -0.00582237 -0.0514158 -0.0202849 -0.00773813 -0.00347122 0.502167 0.00481213 0.0495005 -0.188169 0.253338 -0.020459 -0.00570256 -0.0636884 
-0.0287305 0.00844316 -0.0287871 -0.037463 -0.0115356 0.435296 0.0118738 0.0136299 -0.0129851 -0.116116 -0.440981 0.0521184 0.805403 -0.375594 0.00224724 0.12605 -0.309265 0.0166804 0.101883 0.00121791 0.011952 -0.00051842 0.0923066 0.682694 -1.04423 0.0503997 -0.0910838 0.540064 0.0055407 -0.00589943 
-0.00576934 -0.003037 -0.00557359 -0.00389454 0.00346979 0.503671 -0.00470247 -0.105332 0.0526511 0.227736 0.0749723 0.0412998 0.0157029 -0.208885 -0.00180637 -0.53002 0.00541587 0.0128771 -0.394619 0.00558577 -0.000165829 0.000647445 0.0163987 -0.00125141 -0.0198421 -0.249961 0.0166361 0.0738545 -0.00122758 0.00802395 
-0.00105107 -7.52309e-05 -0.00437785 0.00517659 -0.00635929 0.0101754 -0.000758634 0.0102941 0.012343 -0.0077476 0.0119244 0.00501772 0.00916974 -0.022663 -1.00423 0.0166238 0.0308863 0.0161426 -0.0439149 0.00243913 0.000932996 0.870862 0.0159872 0.00142027 -0.00340348 0.0120584 -0.00712499 0.0185589 -0.000614137 0.005013 
-0.00197199 0.000689225 -0.00475002 -1.00266 -0.00323955 -0.0430165 0.000756836 -0.00107266 0.0574137 -0.0279233 0.00204019 -0.0312424 0.00503429 -0.107005 -0.00170626 -0.0671954 0.517154 0.0124997 -0.0178545 -0.447006 -0.0012017 0.000381769 -0.0279671 -0.016226 -0.0116247 0.0678315 0.017937 -0.0106051 -0.00222246 0.875455 
-0.0087492 -1.10962 -0.00771157 -0.00164283 -0.0290444 8.44123e-05 0.860247 -0.000676539 0.0322406 -0.018192 0.0229216 -0.00640035 0.00813846 -0.0145174 -0.00978054 0.0137093 0.0315876 0.0232762 -0.00365374 0.000659091 -0.00432671 -0.0101316 0.016613 0.0136728 -0.00300648 0.0224677 0.00458168 0.02873 -0.0130877 -0.00296284 
1.03152 0.000967559 -1.05388 -0.00252758 -0.00205565 0.00943756 0.00277399 0.00281793 0.0151671 -0.00574922 0.0212841 0.0172743 0.0179757 -0.114407 -0.00534583 0.00873093 -0.00875686 0.0196765 -0.0264366 0.000367582 -0.00224723 -0.00372739 0.031355 0.00415776 0.00545902 0.0328776 -0.0150393 0.000953051 -0.00272784 0.00190306 
0.00599262 0.000105448 0.00428046 0.000643151 0.488806 0.0069473 0.000413491 0.00251716 0.00933988 -0.00857811 0.010094 0.000531819 0.0145263 -0.00696932 -0.00218058 0.00794323 -0.0047191 0.0152658 -0.0302327 0.000250192 0.909527 -0.00289844 0.00751871 0.00417405 0.00607697 0.0134866 -0.00917827 -0.00497017 -1.06948 0.00522666 
-0.000194763 -0.0112774 -0.000722362 -0.00757375 -0.00969967 -0.0615874 -0.0137302 -0.00323465 0.417529 0.264029 -0.0885021 -0.323341 -0.0890023 -0.254297 0.000319164 0.169835 -0.0249354 0.0319776 0.032689 0.0394906 0.00298369 0.000785374 -0.0315454 -0.060647 -0.063822 -0.146839 -0.273224 -0.18923 -0.00030884 0.0252789 
-0.100249 -0.257689 0.0780545 0.0145362 -0.485508 0.181874 0.257196 0.0363981 0.1148 -0.0452326 0.242728 -0.0678569 0.215092 0.0537649 0.309992 0.174872 -0.0263495 -0.00332565 0.045611 -0.0172033 -0.858048 -0.302753 0.148556 0.185269 -0.272605 0.108465 0.21393 -0.131137 1.02556 -0.00517343 
-0.125759 -0.0660639 0.12359 0.0662034 -0.0304585 -0.0429505 0.0102581 0.0602017 0.106927 -0.0341142 0.046911 0.0920503 0.0089373 0.0769753 0.0474944 0.054694 0.0449333 -0.441405 0.0690832 -0.0784183 0.0595655 -0.0343129 -0.0849439 0.0401756 0.13588 -0.00310896 0.0666462 -0.0158093 -0.0330122 -0.0106246 
-0.355984 -0.453037 0.386787 -0.086316 0.0478785 -0.197322 0.423046 -0.159312 -0.229132 -0.130408 -0.47188 0.049524 -0.530651 -0.0661622 0.0278787 0.0273867 0.204916 0.166477 -0.00579517 0.152626 0.0155706 0.000648154 -0.0248609 -0.39465 0.669389 0.126894 -0.00717468 0.452216 -0.0548029 0.163936 
0.0795448 0.551938 -0.113161 0.170566 -0.0477906 -0.461867 -0.575345 -0.804106 -0.752152 -0.578365 -0.194348 -0.663503 -0.219962 -0.0664302 0.989034 -0.505181 0.084797 0.0284371 0.0821043 -0.196411 0.00451303 -0.98567 -0.621755 -0.174218 0.0220412 -0.717625 -0.696997 -0.00222248 -0.0280831 -0.238708 
-0.953962 0.130048 0.967748 0.0958811 0.134919 0.119973 -0.112132 0.132414 -0.0221043 -0.0680729 0.292372 -0.128127 0.326993 -0.0380386 -0.137499 0.0374145 -0.0815915 -0.00778785 0.0651783 -0.145416 0.249895 0.117587 0.0190473 0.19735 -0.42501 -0.0445751 -0.0370117 -0.250633 -0.278158 -0.171415 
-0.0103823 0.760826 -0.0361717 0.118799 -0.230076 -0.511741 -0.788324 -0.33974 -0.835018 -0.722421 -0.345238 -0.702823 -0.364698 -0.139866 -0.488072 -0.607123 0.0738693 -0.00773196 0.0684173 -0.155704 -0.387298 0.435064 -0.733879 -0.279419 0.246466 -0.679642 -0.730105 0.0893083 0.405167 -0.197404 
-0.166459 -0.371285 0.174913 -0.0847235 -0.0592122 -0.0139839 0.340124 0.11937 -0.0884777 -0.106085 -0.234733 0.0744905 -0.299268 0.101509 -0.0798909 -0.103438 0.0554429 0.0317609 0.0171314 0.170155 0.0885778 0.0680365 0.0560265 -0.146252 0.401458 0.0568259 -0.0453078 0.247662 -0.0830792 0.210703 
0.00470111 -0.425733 -0.00133701 0.00903134 0.102941 0.0755494 0.462096 0.0280128 0.0637741 0.0252017 -0.170877 0.0971783 -0.0884693 0.0454505 0.0737662 -0.0110244 0.022781 -0.124146 -0.0132607 -0.064136 -0.0495737 -0.0598512 -0.0874724 -0.207239 0.189708 0.0633261 0.0934206 0.0971587 0.00240813 -0.101691 
0.112593 -0.131904 -0.162638 -0.292924 0.0117156 -0.0457724 0.0978816 -0.109853 -0.0976897 -0.0178021 -0.0975959 -0.0447283 -0.10982 0.0577259 -0.109967 -0.0227125 -0.101282 -0.516282 -0.0583781 -0.0133177 -0.0344427 0.0736242 0.0686197 -0.0022074 -0.130232 0.0297805 -0.0780364 0.0245263 -0.0613818 -0.0314862 
0.267262 -0.579221 -0.246365 0.577214 0.134018 -0.433015 0.584596 -0.0072653 -0.0286054 0.213759 -0.00321689 -0.030046 0.20811 -0.0996071 -0.298346 -0.160276 -0.013053 0.0127803 0.308233 -0.820019 0.22382 0.30478 -0.232837 -0.28948 -0.168239 -0.112651 0.0299561 -0.16411 -0.226247 -0.974224 

-0.0140542 0.0113896 -0.00387282 -0.00418918 0.00579597 0.000260124 -0.000147387 1.14797 0.00160775 -0.00697066 0.219857 0.142023 0.456121 0.0668212 0.935579 0.11384 0.119704 0.029173 0.00373529 -0.128095 
0.0175364 -0.00135765 -0.00778074 0.00792962 -0.0144647 -0.0141146 1.40187 -0.0112243 -0.020846 0.0207731 -0.306742 0.0195854 -0.18589 0.257687 0.0939624 0.531162 -0.291684 -0.28383 -0.0581186 -0.277861 
0.00828912 0.00325061 0.00313557 -0.01011 -0.00576811 0.000439297 0.0015634 1.10396 -0.00315321 -0.00854892 0.195078 0.11397 0.37778 0.0752269 0.916328 0.140391 0.185272 0.120253 0.0601844 -0.130319 
-0.0160345 0.167111 0.126919 -0.0285114 -0.0257681 1.04641 -0.0247457 -0.0405382 -0.0314697 0.000529603 0.0659009 0.0515367 0.0612071 0.416347 0.210545 0.40079 -0.00855269 0.159436 0.157454 0.785613 
0.0755245 -0.0354797 -0.048915 -0.0273989 -0.08321 -0.0895094 -0.436199 -0.301917 0.356376 0.0126985 0.344362 -0.0403511 -0.0872367 -0.188956 -0.139325 -0.0940348 -0.0324345 -0.0590914 -0.0461312 0.0777525 
-0.145408 -0.152741 0.45563 0.586708 0.0794186 0.139374 0.09231 0.196869 -0.14976 -0.0196853 -0.112779 0.0240078 0.454642 0.250462 -0.0323889 0.306873 0.117812 0.0910312 0.188674 0.219924 
-0.0182178 -0.00718469 0.00902204 -0.0111679 0.0164006 0.0161759 1.47971 0.00958658 0.0204317 -0.0261071 -0.281638 0.0256094 -0.246998 0.29842 0.133589 0.581291 -0.258089 -0.20796 -0.0475419 -0.289723 
-0.163584 0.763872 -0.122591 -0.345892 0.494834 0.0913423 0.165885 0.150305 -0.00868155 0.146646 0.0451865 0.0554011 0.00639073 0.142067 0.00792574 0.0293606 -0.0925459 0.0834199 0.0817723 0.0346096 
0.831541 0.0309489 0.115517 0.234077 -0.11401 -0.217782 -0.0613547 -0.00316391 -0.00633711 0.939191 -0.0557315 -0.24992 0.159565 0.0133232 -0.0514258 0.0620772 0.0753778 -0.0793763 -0.038991 -0.00607891 
-0.683635 -0.222933 -0.532158 0.270407 -0.202946 -0.0265496 -0.0723441 -0.3105 -0.229599 0.41466 -0.199598 0.0305204 -0.218719 -0.147511 -0.0891543 -0.127911 -0.101155 -0.116636 0.251858 0.122959 
0.0493456 -0.191433 -0.924195 0.150846 0.0831224 -0.00150365 -0.117979 -0.00316919 0.00570612 0.203538 0.159736 -0.104125 -0.496826 -0.137912 0.177101 -0.317506 -0.178005 -0.0500817 0.0365609 -0.0380791 
0.77092 -0.210235 -0.00335503 0.019761 0.0566817 0.0962531 -0.00410925 -0.294896 0.0198863 -0.793493 -0.0991167 -0.27245 0.0338083 -0.0670768 -0.196289 -0.0607777 -0.0791083 -0.0419494 -0.272863 0.0666844 
-0.00691819 0.0235668 0.80558 0.0614281 0.0547947 0.0620632 -0.0422807 0.110309 -0.0791822 0.0325399 -0.176334 0.0874924 0.608658 0.225247 -0.200397 0.341271 0.296653 0.133361 0.126952 0.0228317 
0.080777 0.372439 0.325656 0.0892874 0.115066 0.14806 0.0610718 0.219072 0.110899 0.262076 0.0730952 -0.0257111 -0.0502225 -0.0797311 0.0462645 -0.114239 0.066804 0.0310755 0.047531 -0.0733199 
-0.00421644 0.00457456 0.00689819 -0.00782439 1.30269 -0.0010552 0.00100463 -0.00162603 -0.00362641 0.0107831 0.176427 0.0634154 0.0775638 0.788568 -0.0178208 -0.476461 -0.00679994 0.15012 -0.0254774 -0.120163 
0.0287737 -0.0254 -0.166856 -0.956594 -0.0562172 0.202314 -0.0427144 0.0832126 -0.209314 0.3908 -0.131027 -0.158778 0.112235 -0.0558 -0.0375858 -0.0216054 0.0288808 -0.0452146 -0.0401206 -0.00812619 
-0.016806 0.350123 0.277305 -0.0790849 -0.0492321 -0.403931 -0.0521432 -0.0766401 -0.0564656 -0.00677442 -0.117775 -0.00244664 0.0722251 -0.0367155 -0.137912 0.0242764 0.204267 0.0786789 0.191762 -0.22322 
0.644149 -0.0048897 0.0132769 -0.0161505 -0.000790672 -0.00117884 -0.0277673 -0.00365182 -0.0110173 -0.0435939 -0.0402979 0.0508862 0.00547917 0.0272999 -0.0238474 0.0693559 0.0811773 0.124308 0.209114 -0.00563175 
-0.00310846 -0.0383557 -0.153014 0.30435 -0.00893831 -0.026061 -0.0295306 -0.0251061 -0.0156274 0.0161451 0.0119878 0.00109444 -0.0462904 -0.00200677 0.0189607 -0.0150943 -0.0523585 0.0283516 0.0187296 0.0312522 
-0.0356611 0.17031 -0.0337629 0.0921184 0.0116591 -1.21685 0.00920076 0.0231444 -0.0174408 -0.0719168 -0.0795994 -0.0106433 -0.143302 -0.372018 -0.195688 -0.353345 0.147751 -0.0283543 0.10377 -0.830139 
-0.0479363 0.0289315 0.0160347 0.0391322 0.0460503 0.0440092 0.235011 0.15556 1.07715 -0.0187013 0.855144 0.00593666 0.11345 -0.0331228 -0.0767127 0.532567 0.00956467 0.073497 0.0246486 -0.0967968 
-0.00608068 -0.0195135 -0.00838169 0.0158045 1.32799 0.00151935 -0.000826438 0.00270299 0.00278968 -0.0100448 0.204014 0.0917892 0.0950449 0.802746 -0.0142205 -0.510511 -0.0146252 0.0615966 -0.00517738 -0.107342 
-0.191225 0.654769 0.405418 0.34084 -0.374919 -0.123756 -0.186903 -0.496988 0.179093 -0.0576989 -0.072346 0.0217825 0.0348851 -0.0979559 -0.191203 0.00221967 -0.0359804 -0.00731772 0.171943 0.0704656 
0.0266095 0.020895 0.728201 -0.0734037 -0.0581359 -0.246977 -0.0634579 -0.139699 0.0856587 0.0561721 -0.138541 0.102985 0.518666 0.147226 -0.232585 0.325733 0.167142 0.0928039 0.176406 -0.0249506 
0.0262547 -0.132195 0.876555 0.0874549 0.0117362 0.066113 -0.0230302 -0.018695 0.0191012 0.126504 -0.20003 -0.00811605 0.499697 0.293795 -0.228188 0.522454 0.443091 0.410771 0.14937 0.0603389 
-0.592612 -0.802454 0.22444 -0.527897 -0.0595718 -0.18608 -0.0769926 -0.216956 -0.0231264 -0.415297 -0.114384 0.0789503 -0.232152 -0.273719 -0.203418 -0.285519 -0.118052 -0.0917543 0.0737955 -0.202541 
0.0343684 0.459948 -0.570036 0.0295865 -0.451254 -0.205496 -0.113654 0.2244 -0.397305 -0.49777 -0.116653 -0.0787687 -0.198428 -0.2397 0.20884 -0.199108 -0.136486 -0.112221 -0.0172137 -0.0904077 
0.0202032 -0.030952 -0.534463 0.0459199 -0.00412383 -0.0186472 -0.0904851 0.0072011 -0.00649483 0.248472 0.0805607 -0.0144946 -0.283106 -0.1272 0.1197 -0.185087 -0.185089 0.0249529 -0.00079754 -0.0368513 
0.00225256 -0.00946062 0.00893957 -0.000400597 -0.00241533 0.00392731 -0.00107258 0.00301439 1.08085 0.00943518 0.878154 -0.0421465 0.063714 -0.113556 -0.114245 0.427297 -0.00768393 0.0899427 -0.0575324 -0.0526986 
-0.0188621 -0.0265647 -0.105796 0.0668178 0.0263196 1.3994 0.0231548 0.0399506 0.0120421 -0.034077 0.196598 0.090559 0.0160822 0.468765 0.335428 0.378182 -0.137006 0.00234235 0.00141902 0.997501 


0.451343 -0.151249 -0.295294 -0.174397 0.321324 0.0343979 0.162843 0.111398 -0.00308021 0.612167 0.850268 0.370576 0.253161 -0.0919435 -0.271857 0.486602 0.307833 0.180132 0.000359842 1.31587 0.367145 0.342066 0.163335 0.587891 0.165238 0.911146 0.564032 -0.091136 -0.343666 1.05022 
0.506015 0.429877 0.150394 0.374795 -0.0858522 0.177493 0.0749102 -0.0841759 -0.0711957 0.427018 0.336766 0.180852 0.262757 0.716071 0.382997 0.679607 0.220349 0.128034 -0.405177 0.798933 
